---------------
glm vector test
---------------
x = [3, 5, 7]
y = [3, 5, 7]
y += x
y => [6, 10, 14]
x => [3, 5, 7]
dot(x,y) => 166
reset x as [1, 0, 0]
reset y as [0, 1, 0]
z = cross(x, y)
z = [0, 0, 1]

---------------
glm matrix test
---------------
[1, 0, 0, 0]
[0, 1, 0, 0]
[0, 0, 1, 0]
[0, 0, 0, 1]

A = 
[1, 2, -1, -1]
[2, 1, 0, 2]
[3, -2, 1, 4]
[0, 0, 0, 1]

B = A^T
B = 
[1, 2, 3, 0]
[2, 1, -2, 0]
[-1, 0, 1, 0]
[-1, 2, 4, 1]

A*x = [1, 2, 3, 0]
A*y = [2, 1, -2, 0]
A*z = [-1, 0, 1, 0]
A*w = [-1, 2, 4, 1]
x*A = [1, 2, -1, -1]
y*A = [2, 1, 0, 2]
z*A = [3, -2, 1, 4]
w*A = [0, 0, 0, 1]

------------------
glm transform test
------------------
Translation matrix
[1, 0, 0, 1]
[0, 1, 0, -1]
[0, 0, 1, 2]
[0, 0, 0, 1]

Rotation matrix
[0.166667, 0.741582, 0.64983, 0]
[-0.074915, 0.666667, -0.741582, 0]
[-0.983163, 0.074915, 0.166667, 0]
[0, 0, 0, 1]

Scaling matrix
[2, 0, 0, 0]
[0, 1, 0, 0]
[0, 0, 1.5, 0]
[0, 0, 0, 1]

View matrix with lookAt()
[-1, 0, 0, -0]
[0, 1, -0, -0]
[-0, -0, -1, -5]
[0, 0, 0, 1]

Projection matrix with ortho()
[-1, 0, 0, 0]
[0, -1, 0, 0]
[0, 0, 1, 0]
[0, 0, 0, 1]

Projection matrix with frusutm()
[1, 0, 0, 0]
[0, 1, 0, 0]
[0, 0, -1.0002, -0.20002]
[0, 0, -1, 0]

Projection matrix with perspective()
[1.73205, 0, 0, 0]
[0, 1.73205, 0, 0]
[0, 0, -1, -0.002]
[0, 0, -1, 0]